1 274
1 386
2
1 704
1 457
1 370
1 832
1 948
1 599
1 521
1 749
1 358
1 581
1 773
1 154
2
1 593
2
1 106
1 113
1 234
1 899
1 787
2
1 809
1 385
1 12
1 94
2
1 942
2
1 518
1 844
2
1 434
1 968
1 192
1 248
1 211
1 508
1 354
1 889
1 233
2
1 393
2
1 9
1 466
1 477
1 399
1 307
1 110
1 18
1 751
1 828
1 180
1 85
1 628
1 140
2
1 625
1 419
1 934
1 381
1 633
1 31
1 442
1 811
1 701
2
1 317
1 398
1 235
1 714
1 699
1 191
1 417
1 531
1 968
1 856
1 332
1 857
1 434
1 344
1 192
1 542
1 264
1 851
1 502
1 807
1 674
1 33
1 835
1 459
1 945
1 993
2
2
1 200
1 516
1 788
1 223
1 598
1 991
1 502
1 753
1 530
1 898
1 494
1 964
1 577
1 856
1 212
1 85
1 422
1 613
1 748
1 313
1 636
1 657
1 789
1 555
1 59
1 916
2
1 164
1 204
1 541
1 747
1 432
1 28
1 980
1 40
2
1 520
1 907
1 753
1 456
1 667
1 348
1 442
1 304
1 27
1 325
1 300
1 602
1 743
1 781
2
2
1 689
2
1 373
1 152
1 227
1 19
1 82
1 267
2
1 537
1 872
2
2
1 692
1 939
1 555
1 29
1 522
1 238
1 833
2
1 902
1 589
1 785
2
1 160
2
1 321
2
-1